25 [0, 75]
61 [1, 53, 60]
62 [2, 40]
45 [3, 55, 83]
60 [4]
27 [5]
19 [6, 96]
15 [7, 34, 73, 84]
26 [8, 49, 90, 94]
36 [9]
32 [10, 21, 26, 30, 38]
28 [11, 63, 67]
35 [12]
43 [13]
39 [14, 36, 52, 76]
52 [15, 25, 95]
63 [16, 18, 28, 97]
59 [17, 46, 65, 68]
17 [19]
30 [20, 61, 69, 93]
24 [22, 70]
16 [23, 64]
42 [24, 27, 86]
57 [29, 33, 39, 58]
49 [31, 50, 92]
29 [32, 43, 77]
37 [35, 57, 82]
33 [37]
54 [41, 56]
31 [42, 88]
58 [44]
44 [45, 54, 62]
64 [47, 66, 80]
55 [48, 85]
50 [51, 78]
46 [59, 72, 99]
20 [71, 79]
38 [74]
34 [81]
56 [87]
21 [89]
23 [91]
65 [98]
