181 [0]
115 [1]
61 [2, 65]
112 [3, 79]
28 [4, 25]
22 [5, 87]
86 [6, 28]
24 [7, 82]
46 [8]
119 [9, 99]
39 [10]
165 [11]
162 [12, 68]
113 [13]
103 [14, 78]
92 [15]
191 [16]
69 [17]
187 [18]
164 [19, 26, 95]
171 [20]
186 [21, 63, 76]
148 [22]
56 [23]
30 [24]
83 [27]
16 [29, 96]
31 [30, 49]
105 [31]
71 [32]
198 [33, 62]
54 [34]
26 [35]
114 [36]
169 [37]
189 [38]
67 [39]
77 [40, 88, 89]
99 [41, 86]
149 [42, 81]
98 [43]
155 [44]
177 [45, 66]
139 [46]
89 [47]
32 [48, 80]
185 [50]
161 [51]
190 [52]
167 [53]
45 [54]
23 [55]
175 [56]
47 [57]
95 [58]
110 [59]
137 [60]
10 [61]
118 [64]
73 [67]
70 [69]
120 [70]
50 [71]
25 [72, 85, 91]
166 [73]
108 [74]
17 [75]
55 [77]
84 [83]
160 [84]
58 [90]
76 [92]
14 [93]
129 [94]
144 [97]
66 [98]
